[0.162, 0.450]
[0.639, 0.970]
[1.191, 1.357]
[1.456, 1.534]
[1.583, 1.403]
[1.382, 1.423]
[1.614, 1.586]
[1.527, 1.437]
[0.139, 0.402]
[0.550, 0.884]
[1.120, 1.322]
[1.470, 1.502]
[1.584, 1.523]
[1.503, 1.488]
[1.534, 1.469]
[1.467, 1.354]
[0.169, 0.407]
[0.519, 0.805]
[1.017, 1.192]
[1.323, 1.343]
[1.367, 1.280]
[1.256, 1.256]
[1.327, 1.284]
[1.272, 1.153]
[0.214, 0.469]
[0.577, 0.767]
[0.888, 1.012]
[1.135, 1.160]
[1.187, 1.099]
[1.074, 1.078]
[1.160, 1.153]
[1.172, 1.085]
[0.284, 0.564]
[0.674, 0.666]
[0.786, 1.016]
[1.141, 1.078]
[1.073, 1.384]
[1.448, 1.451]
[1.058, 1.050]
[1.181, 1.097]
[0.300, 0.610]
[0.762, 0.793]
[0.827, 1.008]
[1.132, 1.025]
[0.980, 1.464]
[1.575, 1.501]
[0.999, 1.041]
[1.200, 1.121]
[0.298, 0.606]
[0.756, 0.787]
[0.828, 1.028]
[1.170, 1.082]
[1.048, 1.533]
[1.641, 1.559]
[1.046, 1.067]
[1.209, 1.114]
[0.297, 0.604]
[0.754, 0.784]
[0.825, 1.024]
[1.166, 1.078]
[1.044, 1.527]
[1.635, 1.553]
[1.042, 1.064]
[1.205, 1.110]
[0.172, 0.361]
[0.453, 0.586]
[0.684, 0.842]
[0.956, 0.875]
[0.844, 0.769]
[0.752, 0.765]
[0.842, 0.862]
[0.989, 0.910]
[0.172, 0.362]
[0.454, 0.588]
[0.686, 0.845]
[0.960, 0.879]
[0.848, 0.772]
[0.755, 0.768]
[0.845, 0.865]
[0.992, 0.913]
[0.173, 0.365]
[0.457, 0.593]
[0.696, 0.868]
[0.990, 0.912]
[0.883, 0.808]
[0.790, 0.800]
[0.875, 0.891]
[1.008, 0.919]
[0.186, 0.398]
[0.501, 0.645]
[0.771, 0.937]
[1.030, 0.967]
[0.957, 0.898]
[0.883, 0.885]
[0.944, 0.941]
[1.063, 0.998]
[0.231, 0.429]
[0.531, 0.711]
[0.838, 0.932]
[1.024, 1.028]
[1.040, 1.002]
[0.991, 0.993]
[1.030, 1.029]
[1.053, 0.987]
[0.263, 0.451]
[0.554, 0.751]
[0.901, 1.031]
[1.131, 1.140]
[1.156, 1.127]
[1.116, 1.107]
[1.128, 1.097]
[1.099, 1.009]
[0.287, 0.476]
[0.589, 0.838]
[1.020, 1.155]
[1.279, 1.307]
[1.308, 1.268]
[1.257, 1.256]
[1.287, 1.259]
[1.246, 1.150]
[0.310, 0.520]
[0.686, 0.935]
[1.105, 1.237]
[1.324, 1.242]
[1.209, 1.159]
[1.155, 1.180]
[1.254, 1.300]
[1.360, 1.273]
[0.492, 0.726]
[0.841, 1.021]
[1.132, 1.135]
[1.139, 0.920]
[0.811, 0.827]
[0.823, 0.834]
[0.849, 0.955]
[1.188, 1.184]
[0.327, 0.561]
[0.714, 0.882]
[1.014, 1.089]
[1.155, 1.085]
[1.007, 0.924]
[0.911, 0.926]
[0.996, 1.020]
[1.098, 1.023]
[0.202, 0.382]
[0.486, 0.682]
[0.834, 0.932]
[1.011, 0.954]
[0.935, 0.886]
[0.871, 0.870]
[0.910, 0.911]
[0.993, 0.924]
[0.029, 0.188]
[0.293, 0.520]
[0.694, 0.786]
[0.827, 0.762]
[0.738, 0.692]
[0.676, 0.669]
[0.693, 0.692]
[0.785, 0.737]
[-0.235, -0.102]
[0.003, 0.423]
[0.596, 0.581]
[0.619, 0.617]
[0.607, 0.157]
[0.058, 0.067]
[0.590, 0.588]
[0.565, 0.513]
[-0.300, -0.286]
[-0.302, 0.008]
[0.225, 0.259]
[0.299, 0.343]
[0.373, -0.249]
[-0.398, -0.315]
[0.312, 0.255]
[0.197, 0.142]
[-0.298, -0.284]
[-0.300, 0.008]
[0.196, 0.158]
[0.137, 0.132]
[0.133, -0.496]
[-0.637, -0.530]
[0.133, 0.132]
[0.135, 0.141]
[-0.297, -0.283]
[-0.299, 0.008]
[0.195, 0.158]
[0.136, 0.132]
[0.132, -0.494]
[-0.634, -0.528]
[0.133, 0.132]
[0.135, 0.141]
[-0.172, -0.041]
[0.002, 0.206]
[0.337, 0.339]
[0.346, 0.334]
[0.332, 0.263]
[0.248, 0.260]
[0.333, 0.333]
[0.351, 0.340]
[-0.172, -0.041]
[0.002, 0.206]
[0.338, 0.341]
[0.347, 0.336]
[0.334, 0.264]
[0.249, 0.261]
[0.334, 0.334]
[0.352, 0.342]
[-0.173, -0.041]
[0.002, 0.208]
[0.356, 0.399]
[0.440, 0.456]
[0.470, 0.407]
[0.387, 0.385]
[0.436, 0.405]
[0.389, 0.344]
[-0.137, 0.064]
[0.175, 0.444]
[0.611, 0.660]
[0.730, 0.729]
[0.724, 0.644]
[0.623, 0.632]
[0.705, 0.697]
[0.684, 0.612]
[0.012, 0.227]
[0.340, 0.575]
[0.744, 0.866]
[0.938, 0.893]
[0.885, 0.789]
[0.759, 0.754]
[0.823, 0.817]
[0.904, 0.836]
[0.109, 0.338]
[0.450, 0.736]
[0.950, 1.093]
[1.203, 1.158]
[1.146, 1.039]
[1.011, 1.019]
[1.110, 1.098]
[1.166, 1.069]
[0.179, 0.488]
[0.676, 0.928]
[1.114, 1.256]
[1.345, 1.280]
[1.283, 1.180]
[1.156, 1.159]
[1.243, 1.231]
[1.319, 1.227]
[0.343, 0.657]
[0.795, 1.056]
[1.219, 1.254]
[1.271, 1.211]
[1.185, 1.070]
[1.049, 1.078]
[1.209, 1.241]
[1.356, 1.347]
