0.3209398522419906
0.5072180966901596
0.5892714882097589
0.7809269675292572
0.9125530748373608
1.0061848720847526
1.0655836398825065
1.0007276157576364
0.9753018843171202
0.8953710827475266
0.8840378252372239
0.9104415201616363
1.0117918990987957
1.048166974428082
1.1318645311361903
1.0883555471516213
0.4035934577842334
0.592769029340634
0.6711249662185295
0.8569421377275157
0.9841564139200167
1.0744740625859694
1.1431726117874024
1.0973812816449153
1.0837310461549055
1.0104618448061373
0.9980498305820521
1.0166273180526708
1.1030257490421758
1.1207804111509703
1.2049657452243403
1.1650424239744104
0.4407166019664734
0.661820537166892
0.7778641160227854
0.9640844043617676
1.0868118629436236
1.173751296512207
1.2399713736223388
1.1945478663674736
1.1811745875242943
1.1099351533275426
1.0988468364405686
1.1186496423831767
1.205491416282372
1.225513827063812
1.3112400426194482
1.275486209916574
0.4963936566593901
0.7125564562204405
0.8252530440433395
1.0372838274448133
1.1882403311868925
1.299072127637723
1.384404752706134
1.34245195878319
1.3293139362751651
1.2600641011349742
1.250627713267746
1.2722549494661228
1.360074973217737
1.363985088943683
1.4285532115414306
1.3699151551424247
0.586343156105271
0.7974595720751175
0.9065287870321455
1.113793129564449
1.261015693212493
1.3689765038941233
1.4521777033170404
1.422484061072667
1.4189363241225281
1.3544328246230783
1.3432981344689894
1.3574188159039633
1.4322035308340881
1.4381893910362733
1.5044141744738844
1.4493001359477573
0.6057775495090331
0.8572559880225141
1.0029528342047989
1.2413715675779888
1.405868008469113
1.5106245674381023
1.59151730478893
1.5614536397744747
1.557945729009757
1.4948615395158893
1.485228128269638
1.5012354364129192
1.5779120816743488
1.5871305070766064
1.6565627324520553
1.6021803297744481
0.6022793083027407
0.8519406644569332
0.9964200899467988
1.232914519632671
1.4058597724882227
1.535622258080135
1.6363227834658105
1.6213647865536587
1.6271061598463266
1.568047841449671
1.5564411301661984
1.5648920127091148
1.6284853061917235
1.6203806171038313
1.667770835539978
1.5924104115868396
0.6005218517914596
0.8492697472476627
0.9931367492961355
1.228663240760507
1.400842697845304
1.5300002047705428
1.6302273803914853
1.6152800985059912
1.620999239872787
1.5622147830228552
1.5507402918168163
1.5592864726245552
1.6228123846738498
1.614932619357459
1.6623827411873544
1.5875021718969606
0.6005218517914596
0.8492697472476627
0.9931367492961355
1.228663240760507
1.400842697845304
1.5300002047705428
1.6302273803914853
1.6152800985059912
1.620999239872787
1.5622147830228552
1.5507402918168163
1.5592864726245552
1.6228123846738498
1.614932619357459
1.6623827411873544
1.5875021718969606
0.6022793083027407
0.8519406644569332
0.9964200899467988
1.232914519632671
1.4058597724882227
1.535622258080135
1.6363227834658105
1.6213647865536587
1.6271061598463266
1.568047841449671
1.5564411301661984
1.5648920127091148
1.6284853061917235
1.6203806171038313
1.667770835539978
1.5924104115868396
0.6057775495090331
0.8572559880225141
1.0029528342047989
1.2413715675779888
1.405868008469113
1.5106245674381025
1.5915173047889302
1.5614536397744752
1.557945729009757
1.4948615395158895
1.4852281282696382
1.5012354364129192
1.5779120816743488
1.5871305070766064
1.6565627324520553
1.6021803297744481
0.5863431561052713
0.7974595720751178
0.9065287870321457
1.113793129564449
1.261015693212493
1.3689765038941233
1.4521777033170409
1.4224840610726674
1.4189363241225286
1.3544328246230786
1.3432981344689898
1.3574188159039633
1.4322035308340881
1.4381893910362737
1.5044141744738846
1.4493001359477558
0.4963936566593902
0.7125564562204406
0.8252530440433412
1.0372838274448135
1.188240331186891
1.2990721276377233
1.3844047527061354
1.3424519587831898
1.329313936275166
1.2600641011349756
1.2506277132677461
1.272254949466123
1.3600749732177373
1.3639850889436833
1.4285532115414303
1.3699151551424247
0.4407166019664735
0.6618205371668922
0.7778641160227854
0.9640844043617676
1.0868118629436239
1.1737512965122072
1.2399713736223386
1.1945478663674736
1.1811745875242943
1.1099351533275426
1.0988468364405686
1.118649642383177
1.205491416282372
1.225513827063812
1.3112400426194484
1.275486209916574
0.4035934577842334
0.5927690293406342
0.6711249662185295
0.8569421377275158
0.9841564139200167
1.0744740625859712
1.143172611787403
1.0973812816449156
1.0837310461549057
1.010461844806138
0.9980498305820502
1.016627318052672
1.1030257490421758
1.12078041115097
1.2049657452243405
1.1650424239744102
0.3209398522419908
0.5072180966901597
0.5892714882097592
0.7809269675292573
0.9125530748373627
1.0061848720847526
1.0655836398825065
1.0007276157576364
0.9753018843171202
0.8953710827475271
0.884037825237224
0.9104415201616366
1.0117918990987957
1.0481669744280822
1.1318645311361903
1.0883555471516215
