0.270940
0.457218
0.539271
0.730927
0.862553
0.956185
1.015584
0.950728
0.925302
0.845371
0.834038
0.860442
0.961792
0.998167
1.081865
1.038356
0.353593
0.542769
0.621125
0.806942
0.934156
1.024474
1.093173
1.047381
1.033731
0.960462
0.948050
0.966627
1.053026
1.070780
1.154966
1.115042
0.390717
0.611821
0.727864
0.914084
1.036812
1.123751
1.189971
1.144548
1.131175
1.059935
1.048847
1.068650
1.155491
1.175514
1.261240
1.225486
0.446394
0.662556
0.775253
0.987284
1.138240
1.249072
1.334405
1.292452
1.279314
1.210064
1.200628
1.222255
1.310075
1.313985
1.378553
1.319915
0.536343
0.747460
0.856529
1.063793
1.211016
1.318977
1.402178
1.372484
1.368936
1.304433
1.293298
1.307419
1.382204
1.388189
1.454414
1.399300
0.555778
0.807256
0.952953
1.191372
1.355868
1.460625
1.541517
1.511454
1.507946
1.444862
1.435228
1.451235
1.527912
1.537131
1.606563
1.552180
0.552279
0.801941
0.946420
1.182915
1.355860
1.485622
1.586323
1.571365
1.577106
1.518048
1.506441
1.514892
1.578485
1.570381
1.617771
1.542410
0.550522
0.799270
0.943137
1.178663
1.350843
1.480000
1.580227
1.565280
1.570999
1.512215
1.500740
1.509286
1.572812
1.564933
1.612383
1.537502
0.550522
0.799270
0.943137
1.178663
1.350843
1.480000
1.580227
1.565280
1.570999
1.512215
1.500740
1.509286
1.572812
1.564933
1.612383
1.537502
0.552279
0.801941
0.946420
1.182915
1.355860
1.485622
1.586323
1.571365
1.577106
1.518048
1.506441
1.514892
1.578485
1.570381
1.617771
1.542410
0.555778
0.807256
0.952953
1.191372
1.355868
1.460625
1.541517
1.511454
1.507946
1.444862
1.435228
1.451235
1.527912
1.537131
1.606563
1.552180
0.536343
0.747460
0.856529
1.063793
1.211016
1.318977
1.402178
1.372484
1.368936
1.304433
1.293298
1.307419
1.382204
1.388189
1.454414
1.399300
0.446394
0.662556
0.775253
0.987284
1.138240
1.249072
1.334405
1.292452
1.279314
1.210064
1.200628
1.222255
1.310075
1.313985
1.378553
1.319915
0.390717
0.611821
0.727864
0.914084
1.036812
1.123751
1.189971
1.144548
1.131175
1.059935
1.048847
1.068650
1.155491
1.175514
1.261240
1.225486
0.353593
0.542769
0.621125
0.806942
0.934156
1.024474
1.093173
1.047381
1.033731
0.960462
0.948050
0.966627
1.053026
1.070780
1.154966
1.115042
0.270940
0.457218
0.539271
0.730927
0.862553
0.956185
1.015584
0.950728
0.925302
0.845371
0.834038
0.860442
0.961792
0.998167
1.081865
1.038356
