    0.5580582852162932 0.4420364316664495
    0.6977230357808668 0.8022729330592739
    1.1043331902348223 0.8956699456225852
    0.9606021759333525 1.0394104174546408
    0.7519340095885144 0.7481153168511182
    0.2824693179916059 0.7175328727080538
  0.37431665573177186 0.12567409405637545
   0.5233762473251288 0.47661992010889337
    0.6924813842700656 0.8075143413100968
    0.6956764569298293 0.8043206143622513
    0.4698157567552851 0.5301816208942897
  0.26753541454299906 0.23248155281282784
 0.07782563908922344 -0.07784999140788142
   0.3210348234614525 0.17897432454906176
    0.752570701188933 0.24741223985943142
   0.5399487008002629 0.46002996412993996
    0.4082319769408285 0.0917200778604912
   0.1559064986790068 -0.1559338508110096
    2.194935587997283 -2.1948762292948465
   0.3894464246071018 0.11052105456954968
   0.8808619493072611 0.11914284829444158
   0.49365191713578155 0.5063433493774047
  0.6738132723425161 -0.17377408774977782
  0.26999258741328935 -0.2699806856574771
    0.2821485201131183 0.2178511975415064
    0.6295612479198615 0.3704438808310188
    0.8166289314099755 0.6833764471771586
      0.745178286465586 0.754822794948728
    0.3904396160864375 0.6095582092555818
    0.07876460947513098 0.421222209742161
    0.5270349843894185 0.4729672614874928
    1.3826340295706447 0.1173496559786721
    1.1495899979934212 0.8504202969112558
    1.1139678737564491 0.8860304990100399
     0.7954438069343958 0.704560147905819
    0.2803258713660426 0.7196790143300991
